166021.44317933 0.00000000
166021.44317933 0.00000000
166021.44317933 0.00000000
166021.44317933 0.00000000
166021.44317933 0.00000000
581313.13337935 2326644.69400359
581313.13337935 2326644.69400359
581313.13337935 2326644.69400359
581313.13337935 2326644.69400359
581313.13337935 2326644.69400359
581313.13337935 2326644.69400359
581313.13337935 2326644.69400359
581313.13337935 2326644.69400359
581313.43036202 2326647.70236500
581313.43036202 2326647.70236500
581312.13000089 2326651.53302064
581311.67095375 2326653.32015486
581311.35144718 2326654.90505338
581311.35144718 2326654.90505338
581311.35144718 2326654.90505338
581311.35144718 2326654.90505338
581311.35144718 2326654.90505338
581311.35144718 2326654.90505338
581311.35144718 2326654.90505338
581311.35144718 2326654.90505338
581311.35144718 2326654.90505338
581311.35144718 2326654.90505338
581311.35144718 2326654.90505338
581311.35144718 2326654.90505338
581311.35144718 2326654.90505338
581311.35144718 2326654.90505338
581311.35144718 2326654.90505338
581311.35144718 2326654.90505338
